1.0000 28.3200 0.0000 0.0000
0.6883 2.1137 1.8297 2.0836
0.8247 2.1780 1.4038 2.1236
0.7871 2.2663 1.2203 2.1661
0.8105 2.2733 1.1263 2.1907
0.7593 2.2579 1.0578 2.2032
0.7501 2.2552 1.0094 2.2114
0.7964 2.2691 0.9805 2.2192
0.7964 2.2691 0.9585 2.2252
0.7685 2.2607 0.9382 2.2290
0.7685 2.2607 0.9218 2.2321
0.7085 2.0610 0.9030 2.2170
0.6366 2.2537 0.8814 2.2200
0.6360 2.0613 0.8630 2.2081
0.8408 2.0238 0.8615 2.1952
0.8501 2.1375 0.8607 2.1915
0.8689 2.0969 0.8612 2.1857
0.8548 2.2671 0.8608 2.1904
0.9021 2.2813 0.8631 2.1953
0.8454 2.2643 0.8622 2.1989
0.8176 2.2559 0.8599 2.2017
0.8268 2.2587 0.8584 2.2044
0.8176 2.1331 0.8565 2.2012
0.5748 2.1933 0.8444 2.2008
0.9773 2.1339 0.8499 2.1981
0.9026 2.1114 0.8519 2.1946
0.9028 2.0862 0.8539 2.1905
0.6544 2.1264 0.8465 2.1881
0.7501 1.7862 0.8430 2.1737
1.0632 1.7234 0.8506 2.1581
0.8669 1.7628 0.8511 2.1449
0.9491 1.7463 0.8543 2.1318
1.0290 1.7303 0.8598 2.1191
0.7501 1.7862 0.8565 2.1087
0.9390 1.7483 0.8589 2.0978
0.8460 1.7670 0.8585 2.0880
0.6512 1.8060 0.8526 2.0798
0.9237 1.7514 0.8546 2.0705
0.9794 1.7681 0.8580 2.0621
0.9982 1.7738 0.8617 2.0542
0.9888 1.7710 0.8650 2.0466
0.9700 1.7653 0.8677 2.0391
0.9747 1.7667 0.8705 2.0319
0.9653 1.7639 0.8728 2.0250
0.9653 1.7639 0.8751 2.0183
1.0268 1.7824 0.8788 2.0123
0.9700 1.7653 0.8810 2.0061
0.9935 1.7724 0.8837 2.0003
0.9514 1.7597 0.8854 1.9943
0.9514 1.7597 0.8870 1.9885
0.9200 1.9884 0.8878 1.9880
0.7408 2.1621 0.8847 1.9913
0.6938 2.2450 0.8806 1.9964
0.8669 2.0172 0.8803 1.9964
0.8108 1.9911 0.8789 1.9959
0.4877 2.2568 0.8706 2.0010
0.6928 2.2157 0.8668 2.0051
1.0915 2.1358 0.8715 2.0075
0.8493 2.1843 0.8711 2.0109
0.8493 2.1843 0.8706 2.0142
0.8335 2.1272 0.8699 2.0162
0.9629 2.0905 0.8718 2.0175
0.9629 2.0932 0.8737 2.0188
0.9629 2.7416 0.8755 2.0334
0.9629 2.7416 0.8774 2.0479
0.7655 2.0341 0.8751 2.0476
0.6390 2.0595 0.8703 2.0479
0.8030 2.0266 0.8689 2.0475
0.7816 2.0309 0.8671 2.0472
0.7655 2.0341 0.8650 2.0469
1.0237 1.9824 0.8682 2.0456
0.7977 2.0277 0.8667 2.0452
0.8611 2.0149 0.8665 2.0446
0.6658 2.0703 0.8623 2.0451
0.7287 2.0416 0.8595 2.0450
0.6919 2.0979 0.8558 2.0461
0.7148 2.1048 0.8527 2.0474
0.7195 2.1062 0.8497 2.0486
0.7195 2.1062 0.8467 2.0499
0.8282 1.9888 0.8461 2.0487
0.8911 1.9762 0.8467 2.0471
0.7313 2.0082 0.8440 2.0463
0.7038 2.0137 0.8407 2.0456
0.9730 1.9598 0.8432 2.0438
0.6370 2.0271 0.8384 2.0434
0.8282 1.9888 0.8378 2.0422
0.8069 1.9931 0.8368 2.0410
0.9118 1.9720 0.8381 2.0394
0.8598 1.9824 0.8382 2.0381
0.9170 1.9710 0.8396 2.0365
0.9375 1.9669 0.8415 2.0348
0.9170 1.9710 0.8429 2.0332
0.6370 2.0271 0.8380 2.0329
0.9015 1.9741 0.8391 2.0314
0.9118 1.9720 0.8405 2.0298
1.0378 1.9468 0.8448 2.0277
0.9931 1.9557 0.8480 2.0257
0.9931 1.9557 0.8513 2.0238
0.9702 2.0339 0.8540 2.0238
0.9702 2.1069 0.8567 2.0255
0.9885 2.0449 0.8598 2.0257
